day7TS = [1.4771573604060908, 1.7208121827411174, 2.126903553299491, 3.2233502538071024, 3.7512690355329923, 4.1573604060913665, 4.1573604060913665, 3.913705583756345, 5.213197969543145, 4.11675126903553, 2.126903553299491, 2.5329949238578653, 2.0050761421319807, 1.1522842639593907, 0.9492385786802013, 1.7208121827411174, 1.8832487309644645, 4.563451776649745, 6.309644670050758, 15NA]

day7Periph = [3.2363451776649717, 3.9380710659898455, 1.657461928934009, 2.0668020304568504, 2.4761421319796915, 4.05502538071066, 5.926294416243654, 2.9439593908629407, 2.8270050761421306, 2.0668020304568504, 0.19553299492385556, 0.07857868020304593, 1.0142131979695432, 1.657461928934009, 3.41177664974619, 3.1193908629441625, 2.417664974619289, 2.8854822335025383, 3.2363451776649717, 1.9498477157360408, 1.1311675126903529, 1.482030456852792, 1.657461928934009, 2.534619289340099, 3.29482233502538, 4.522842639593908, 1.5405076142131944, 1.0726903553299456, 0.6048730964466971, 1.3650761421319775, 3.704162436548221, 3.9380710659898455, 3.704162436548221, 3.29482233502538, 1.5989847715736016, 34NA]

day7TS=[ 8.999691149502937, 7.83223627063024, 6.256172184152106, 5.114815172280672, 5.98747225171315, 5.98160409226908, 6.004767879548304, 6.5503522825981975, 8.184789113019974, 4.784808416176041, 4.084335488852425, 2.6977511823183065a, 4.241540391854066, 4.008049416079523, 4.159695010134158, 2.452215037158574, 2.1019785734967655, 2.4783129041598286, 2.066769616832346, 1.310858025287132]

day10Periph = [6.532130103271889, 6.298639127497346, 5.9425345043914675, 7.422082810539521, 5.796448219283853, 5.262291284625036, 6.461712189943057, 5.63569153556606, 5.343827815847888, 3.9135411639803124, 3.904738924814204, 2.6847794614419414, 3.230363864491835, 5.267541743074986, 5.620712286458833, 5.638007914293986, 5.354946433741915, 4.537728018531027, 5.491921629186365, 5.2000579094681925, 6.078583148344755, 5.576392240131256, 4.283389634205186, 3.941955409709486, 4.3678602451500765, 4.60135122092462, 6.41090628317729, 6.14514043046038, 5.7949039667985645, 5.444667503136756, 6.463102017179807, 5.7626290898561905, 5.409458546472344, 5.733288292635841, 6.842370427564909, 2.9839011678409335, 6.859666055400055, 6.859666055400055, 4.869124601872407, 6.620306920181449, 6.590966122961106, 5.414709004922301, 5.064472541260493, 7.247427854454202, 5.671363767976061, 5.146009072483345, 6.161509506804364, 5.986391274973464, 5.691593475533246, 2.965370138017562, 2.8515587298523286, 1.8650902422546025, 3.289199884181059, 3.6394363478428673, 4.5208956664414615, 4.196757069780908, 3.782279702731394, 3.315297751182314, 4.616793745777436, 4.208184538171992, 2.982356915355659, 2.4217932631985306, 2.1269954637583197, 1.6600135122092397, 2.7922594344175238, 1.7969887076537034, 1.446752243991888, 2.643239069587871, 1.9368979828201844, 1.6421001833799806]


